1 110 150 330 360 0 850 900 
2 110 150 300 350 0 850 900 
3 110 150 300 350 0 850 900 
4 110 150 300 350 0 820 880 
5 110 150 300 350 0 850 900 
6 110 150 300 350 0 850 900 
7 100 140 320 350 400 830 870
8 90 130 350 370 415 800 850
9 110 150 300 350 0 850 900
10 110 150 300 350 400 850 900
11 110 150 250 300 0 850 900
12 110 150 310 350 0 850 900
13 110 150 280 320 0 850 900
14 110 150 290 320 0 800 850
15 110 150 250 300 0 850 900
16 110 150 250 300 0 850 900
17 110 150 320 350 0 780 840
18 110 150 300 330 0 800 870
